[gd_scene load_steps=9 format=3 uid="uid://blstrvusmss87"]

[ext_resource type="Script" uid="uid://blf8n1iejc4qj" path="res://Globals/player_pawn.gd" id="1_j6vuq"]
[ext_resource type="PackedScene" uid="uid://ckmmespdb8apn" path="res://models/player.tscn" id="1_w3tdh"]
[ext_resource type="PackedScene" uid="uid://rahvohrxtbfr" path="res://models/iceRect.tscn" id="2_1dixm"]
[ext_resource type="PackedScene" uid="uid://b6a8kh0nrt4tp" path="res://models/iceCube.tscn" id="3_kfe1x"]
[ext_resource type="PackedScene" uid="uid://c3iofxi462mhv" path="res://UI_Test/scenes/pause_menu_controller.tscn" id="3_xb0lg"]
[ext_resource type="PackedScene" uid="uid://djfv422o6fc2w" path="res://models/freeze_gun.tscn" id="5_kfe1x"]
[ext_resource type="Texture2D" uid="uid://nrlpag336p03" path="res://addons/kenney_crosshair-pack/PNG/Outline Retina/crosshair027.png" id="7_lygmr"]

[sub_resource type="CapsuleShape3D" id="CapsuleShape3D_j6vuq"]

[node name="Player_pawn" type="CharacterBody3D" groups=["player_pawn"]]
script = ExtResource("1_j6vuq")
ice_rect_scene = ExtResource("2_1dixm")
ice_cube_scene = ExtResource("3_kfe1x")
hold_distance = -2.0

[node name="CollisionShape3D" type="CollisionShape3D" parent="."]
transform = Transform3D(1, 0, 0, 0, 1, 0, 0, 0, 1, 0, 1, 0)
shape = SubResource("CapsuleShape3D_j6vuq")

[node name="player" parent="." instance=ExtResource("1_w3tdh")]
transform = Transform3D(1, 0, 0, 0, 1, 0, 0, 0, 1, 0, -0.25, 0)

[node name="Skeleton3D" parent="player/Armature" index="0"]
bones/1/rotation = Quaternion(-0.014263899, 0.05736113, 0.029879874, 0.9978043)
bones/2/rotation = Quaternion(0.02295853, 0.06816748, 0.0026172702, 0.9974063)
bones/3/rotation = Quaternion(0.023574175, 0.0682837, 0.00094740425, 0.997387)
bones/4/rotation = Quaternion(0.13854212, 0.06437564, -0.029117784, 0.987833)
bones/5/rotation = Quaternion(0.005817357, 0.17378531, 0.071765624, 0.98214793)
bones/7/rotation = Quaternion(-0.5544913, -0.45509163, 0.58973217, -0.37100825)
bones/8/rotation = Quaternion(0.19764179, -0.18934304, 0.43386012, 0.858401)
bones/9/rotation = Quaternion(-0.07791217, 0.0072723045, 0.654233, 0.75223404)
bones/10/rotation = Quaternion(-0.12085838, -0.44801778, -0.39258102, 0.79407406)
bones/31/rotation = Quaternion(0.44805932, -0.4132675, 0.55891424, 0.5621991)
bones/32/rotation = Quaternion(0.35192293, 0.06510461, -0.7731042, 0.52366173)
bones/33/rotation = Quaternion(-0.02426526, -0.0089560505, -0.25678232, 0.96612316)
bones/34/rotation = Quaternion(-0.17163655, 0.4405056, 0.22134803, 0.8529367)
bones/55/rotation = Quaternion(0.12589106, 0.25260213, 0.9445929, -0.16759491)
bones/56/rotation = Quaternion(-0.26320276, -0.08223371, 0.028272036, 0.9608135)
bones/57/rotation = Quaternion(0.45473364, -0.081579246, -0.02780208, 0.8864476)
bones/60/rotation = Quaternion(-0.12544844, 0.11966708, 0.9831616, 0.05775611)
bones/61/rotation = Quaternion(-0.22721384, -0.07456124, -0.0015857674, 0.9709851)
bones/62/rotation = Quaternion(0.5443097, 0.12732643, 0.04562334, 0.8279091)

[node name="GEO-body_male_stylized" parent="player/Armature/Skeleton3D" index="0"]
cast_shadow = 3

[node name="BoneAttachment3D" parent="player/Armature/Skeleton3D" index="1"]
transform = Transform3D(-0.020160913, -0.17236237, 0.9848269, 0.038662728, 0.9841562, 0.17303671, -0.99904823, 0.041564696, -0.013177365, -0.085993096, 0.40626842, -1.3622576)

[node name="freeze gun" parent="player/Armature/Skeleton3D/BoneAttachment3D/FreezeGun" index="0"]
cast_shadow = 3

[node name="Head" type="Node3D" parent="."]
transform = Transform3D(1, 0, 0, 0, 1, 0, 0, 0, 1, 0, 1.5, 0)

[node name="Camera3D" type="Camera3D" parent="Head"]
transform = Transform3D(-1, 0, 8.742278e-08, 0, 1, 0, -8.742278e-08, 0, -1, 0, 0, 0)

[node name="IK_Target" type="Node3D" parent="Head"]
transform = Transform3D(0.84838086, 0, -0.52938634, -0.113289885, 0.97683316, -0.18155544, 0.51712215, 0.21400228, 0.8287266, 0, 0, -0.5154965)

[node name="IK_Hands" type="Node3D" parent="Head"]
transform = Transform3D(1, 0, 0, 0, 1, 0, 0, 0, 1, 0, -0.16758466, -0.013391495)

[node name="IK_TargetL" type="Node3D" parent="Head/IK_Hands"]
transform = Transform3D(-0.066489846, 0.131302, -0.9891102, -0.9786989, 0.18439148, 0.090267584, 0.19423582, 0.974043, 0.116244994, -0.034290984, -0.21924114, -0.09448388)

[node name="IK_TargetR" type="Node3D" parent="Head/IK_Hands"]
transform = Transform3D(-0.18908174, -0.079103954, 0.97877, 0.97046894, 0.13699552, 0.19855005, -0.14979312, 0.9874082, 0.050864637, -0.08710897, -0.21924114, -0.23134312)

[node name="RayCast3D" type="RayCast3D" parent="Head"]
target_position = Vector3(0, 0, 5)

[node name="Hand" type="Node3D" parent="Head"]
transform = Transform3D(0.9956308, 0.011553823, 0.09265984, -0.01150411, 0.99993324, -0.0010706468, -0.09266602, 0, 0.99569726, -0.40245104, -0.26922417, 0.52492017)

[node name="FreezeGun" parent="Head/Hand" instance=ExtResource("5_kfe1x")]

[node name="freeze gun" parent="Head/Hand/FreezeGun" index="0"]
transform = Transform3D(-1, 1.5655724e-08, -1.4585075e-07, -2.2626681e-08, 0.9659255, 0.25881907, 1.44933e-07, 0.25881898, -0.9659258, 0, 0, 0.31489235)

[node name="PauseMenuController" parent="." instance=ExtResource("3_xb0lg")]

[node name="IceSpawn" type="Node3D" parent="."]
transform = Transform3D(1, 0, 0, 0, 1, 0, 0, 0, 1, 0, 3.067792, 0)

[node name="Crosshair" type="Control" parent="."]
layout_mode = 3
anchors_preset = 15
anchor_right = 1.0
anchor_bottom = 1.0
grow_horizontal = 2
grow_vertical = 2
size_flags_horizontal = 4
size_flags_vertical = 4

[node name="TextureRect" type="TextureRect" parent="Crosshair"]
layout_mode = 1
anchors_preset = 8
anchor_left = 0.5
anchor_top = 0.5
anchor_right = 0.5
anchor_bottom = 0.5
offset_left = -72.0
offset_top = -72.0
offset_right = 72.0
offset_bottom = 72.0
grow_horizontal = 2
grow_vertical = 2
texture = ExtResource("7_lygmr")

[node name="no_check" type="Control" parent="."]
visible = false
layout_mode = 3
anchors_preset = 15
anchor_right = 1.0
anchor_bottom = 1.0
grow_horizontal = 2
grow_vertical = 2

[node name="Label" type="Label" parent="no_check"]
layout_mode = 1
anchors_preset = 7
anchor_left = 0.5
anchor_top = 1.0
anchor_right = 0.5
anchor_bottom = 1.0
offset_left = -299.5
offset_top = -210.0
offset_right = 299.5
offset_bottom = -134.0
grow_horizontal = 2
grow_vertical = 0
theme_override_colors/font_color = Color(0.29411766, 0.7294118, 1, 1)
theme_override_colors/font_outline_color = Color(0, 0, 0, 1)
theme_override_constants/outline_size = 10
theme_override_font_sizes/font_size = 51
text = "No Checkpoint Available"
horizontal_alignment = 1
vertical_alignment = 1

[editable path="player"]
[editable path="player/Armature/Skeleton3D/BoneAttachment3D/FreezeGun"]
[editable path="Head/Hand/FreezeGun"]
