[gd_scene load_steps=9 format=3 uid="uid://blstrvusmss87"]

[ext_resource type="Script" uid="uid://blf8n1iejc4qj" path="res://Globals/player_pawn.gd" id="1_j6vuq"]
[ext_resource type="PackedScene" uid="uid://ckmmespdb8apn" path="res://models/player.tscn" id="1_w3tdh"]
[ext_resource type="PackedScene" uid="uid://rahvohrxtbfr" path="res://models/iceRect.tscn" id="2_1dixm"]
[ext_resource type="PackedScene" uid="uid://b6a8kh0nrt4tp" path="res://models/iceCube.tscn" id="3_kfe1x"]
[ext_resource type="PackedScene" uid="uid://c3iofxi462mhv" path="res://UI_Test/scenes/pause_menu_controller.tscn" id="3_xb0lg"]
[ext_resource type="PackedScene" uid="uid://djfv422o6fc2w" path="res://models/freeze_gun.tscn" id="5_kfe1x"]
[ext_resource type="Texture2D" uid="uid://nrlpag336p03" path="res://addons/kenney_crosshair-pack/PNG/Outline Retina/crosshair027.png" id="7_lygmr"]

[sub_resource type="CapsuleShape3D" id="CapsuleShape3D_j6vuq"]

[node name="Player_pawn" type="CharacterBody3D" groups=["player_pawn"]]
script = ExtResource("1_j6vuq")
ice_rect_scene = ExtResource("2_1dixm")
ice_cube_scene = ExtResource("3_kfe1x")
hold_distance = -2.0

[node name="CollisionShape3D" type="CollisionShape3D" parent="."]
transform = Transform3D(1, 0, 0, 0, 1, 0, 0, 0, 1, 0, 1, 0)
shape = SubResource("CapsuleShape3D_j6vuq")

[node name="player" parent="." instance=ExtResource("1_w3tdh")]
transform = Transform3D(1, 0, 0, 0, 1, 0, 0, 0, 1, 0, -0.25, 0)

[node name="Skeleton3D" parent="player/Armature" index="0"]
bones/1/rotation = Quaternion(-0.014914865, 0.05811606, 0.029610358, 0.99775916)
bones/2/rotation = Quaternion(0.022692766, 0.068330914, 0.0027960835, 0.99740076)
bones/3/rotation = Quaternion(0.023323866, 0.06841542, 0.0011894244, 0.99738353)
bones/4/rotation = Quaternion(0.13966914, 0.06427846, -0.029083174, 0.9876816)
bones/5/rotation = Quaternion(0.0068027135, 0.17305878, 0.0716544, 0.982278)
bones/7/rotation = Quaternion(-0.5539725, -0.4557339, 0.5880878, -0.37359586)
bones/8/rotation = Quaternion(0.19587895, -0.18741305, 0.43168262, 0.8603243)
bones/9/rotation = Quaternion(-0.07770944, 0.007286785, 0.65253145, 0.7537313)
bones/10/rotation = Quaternion(-0.12666504, -0.45432377, -0.38136864, 0.7950496)
bones/31/rotation = Quaternion(0.44592085, -0.41479757, 0.5584709, 0.56321204)
bones/32/rotation = Quaternion(0.34915632, 0.06623118, -0.77681875, 0.51986134)
bones/33/rotation = Quaternion(-0.023366515, -0.00897923, -0.2472718, 0.9686228)
bones/34/rotation = Quaternion(-0.17165492, 0.44109276, 0.20948447, 0.85562146)
bones/55/rotation = Quaternion(0.12537946, 0.2481029, 0.9462288, -0.1654575)
bones/56/rotation = Quaternion(-0.2566895, -0.08328387, 0.027794277, 0.9624978)
bones/57/rotation = Quaternion(0.45312458, -0.08070356, -0.027183808, 0.8873704)
bones/60/rotation = Quaternion(-0.12640372, 0.114119746, 0.98364806, 0.05861276)
bones/61/rotation = Quaternion(-0.21880913, -0.07430183, -0.002300023, 0.9729319)
bones/62/rotation = Quaternion(0.5410982, 0.12813711, 0.04555095, 0.8298909)

[node name="GEO-body_male_stylized" parent="player/Armature/Skeleton3D" index="0"]
cast_shadow = 3

[node name="BoneAttachment3D" parent="player/Armature/Skeleton3D" index="1"]
transform = Transform3D(-0.0073826015, -0.16785783, 0.9857832, 0.022589192, 0.9855307, 0.16798422, -0.999717, 0.023508199, -0.0034838617, -0.08454008, 0.40707266, -1.3629446)

[node name="freeze gun" parent="player/Armature/Skeleton3D/BoneAttachment3D/FreezeGun" index="0"]
cast_shadow = 3

[node name="Head" type="Node3D" parent="."]
transform = Transform3D(1, 0, 0, 0, 1, 0, 0, 0, 1, 0, 1.5, 0)

[node name="Camera3D" type="Camera3D" parent="Head"]
transform = Transform3D(-1, 0, 8.742278e-08, 0, 1, 0, -8.742278e-08, 0, -1, 0, 0, 0)

[node name="IK_Target" type="Node3D" parent="Head"]
transform = Transform3D(0.84838086, 0, -0.52938634, -0.113289885, 0.97683316, -0.18155544, 0.51712215, 0.21400228, 0.8287266, 0, 0, -0.5154965)

[node name="IK_Hands" type="Node3D" parent="Head"]
transform = Transform3D(1, 0, 0, 0, 1, 0, 0, 0, 1, 0, -0.16758466, -0.013391495)

[node name="IK_TargetL" type="Node3D" parent="Head/IK_Hands"]
transform = Transform3D(-0.066489846, 0.131302, -0.9891102, -0.9786989, 0.18439148, 0.090267584, 0.19423582, 0.974043, 0.116244994, -0.034290984, -0.21924114, -0.09448388)

[node name="IK_TargetR" type="Node3D" parent="Head/IK_Hands"]
transform = Transform3D(-0.18908174, -0.079103954, 0.97877, 0.97046894, 0.13699552, 0.19855005, -0.14979312, 0.9874082, 0.050864637, -0.08710897, -0.21924114, -0.23134312)

[node name="RayCast3D" type="RayCast3D" parent="Head"]
target_position = Vector3(0, 0, 5)

[node name="Hand" type="Node3D" parent="Head"]
transform = Transform3D(0.9956308, 0.011553823, 0.09265984, -0.01150411, 0.99993324, -0.0010706468, -0.09266602, 0, 0.99569726, -0.40245104, -0.26922417, 0.52492017)

[node name="FreezeGun" parent="Head/Hand" instance=ExtResource("5_kfe1x")]

[node name="freeze gun" parent="Head/Hand/FreezeGun" index="0"]
transform = Transform3D(-1, 1.5655724e-08, -1.4585075e-07, -2.2626681e-08, 0.9659255, 0.25881907, 1.44933e-07, 0.25881898, -0.9659258, 0, 0, 0.31489235)

[node name="PauseMenuController" parent="." instance=ExtResource("3_xb0lg")]

[node name="IceSpawn" type="Node3D" parent="."]
transform = Transform3D(1, 0, 0, 0, 1, 0, 0, 0, 1, 0, 3.067792, 0)

[node name="Crosshair" type="Control" parent="."]
layout_mode = 3
anchors_preset = 15
anchor_right = 1.0
anchor_bottom = 1.0
grow_horizontal = 2
grow_vertical = 2
size_flags_horizontal = 4
size_flags_vertical = 4

[node name="TextureRect" type="TextureRect" parent="Crosshair"]
layout_mode = 1
anchors_preset = 8
anchor_left = 0.5
anchor_top = 0.5
anchor_right = 0.5
anchor_bottom = 0.5
offset_left = -72.0
offset_top = -72.0
offset_right = 72.0
offset_bottom = 72.0
grow_horizontal = 2
grow_vertical = 2
texture = ExtResource("7_lygmr")

[editable path="player"]
[editable path="player/Armature/Skeleton3D/BoneAttachment3D/FreezeGun"]
[editable path="Head/Hand/FreezeGun"]
