[gd_scene load_steps=7 format=3 uid="uid://blstrvusmss87"]

[ext_resource type="Script" uid="uid://blf8n1iejc4qj" path="res://Globals/player_pawn.gd" id="1_j6vuq"]
[ext_resource type="PackedScene" uid="uid://ckmmespdb8apn" path="res://models/player.tscn" id="1_w3tdh"]
[ext_resource type="PackedScene" uid="uid://rahvohrxtbfr" path="res://models/iceRect.tscn" id="2_1dixm"]
[ext_resource type="PackedScene" uid="uid://b6a8kh0nrt4tp" path="res://models/iceCube.tscn" id="3_kfe1x"]
[ext_resource type="PackedScene" uid="uid://c3iofxi462mhv" path="res://UI_Test/scenes/pause_menu_controller.tscn" id="3_xb0lg"]

[sub_resource type="CapsuleShape3D" id="CapsuleShape3D_j6vuq"]

[node name="Player_pawn" type="CharacterBody3D" groups=["player_pawn"]]
script = ExtResource("1_j6vuq")
ice_rect_scene = ExtResource("2_1dixm")
ice_cube_scene = ExtResource("3_kfe1x")
hold_distance = -1.5
hold_strength = 8.0

[node name="CollisionShape3D" type="CollisionShape3D" parent="."]
transform = Transform3D(1, 0, 0, 0, 1, 0, 0, 0, 1, 0, 1, 0)
shape = SubResource("CapsuleShape3D_j6vuq")

[node name="player" parent="." instance=ExtResource("1_w3tdh")]
transform = Transform3D(1, 0, 0, 0, 1, 0, 0, 0, 1, 0, -0.25, 0)

[node name="Skeleton3D" parent="player/Armature" index="0"]
bones/1/rotation = Quaternion(-0.015358239, 0.05836811, 0.029080668, 0.9977533)
bones/2/rotation = Quaternion(0.022992717, 0.06870159, 0.0032808864, 0.9973669)
bones/3/rotation = Quaternion(0.023701541, 0.06872911, 0.0017354426, 0.99735224)
bones/4/rotation = Quaternion(0.14100312, 0.06442616, -0.029613147, 0.9874667)
bones/5/rotation = Quaternion(0.0058958107, 0.17383222, 0.069137186, 0.9823277)
bones/7/rotation = Quaternion(-0.5511233, -0.45825362, 0.58452684, -0.38025674)
bones/8/rotation = Quaternion(0.19590591, -0.182974, 0.4301057, 0.8620618)
bones/9/rotation = Quaternion(-0.0774946, 0.0073020677, 0.65072703, 0.7553117)
bones/10/rotation = Quaternion(-0.13394715, -0.4631437, -0.36813122, 0.79500663)
bones/31/rotation = Quaternion(0.44389376, -0.41616836, 0.55873203, 0.56354314)
bones/32/rotation = Quaternion(0.3409412, 0.06407756, -0.7791392, 0.52210665)
bones/33/rotation = Quaternion(-0.023340212, -0.00897989, -0.24699475, 0.96869403)
bones/34/rotation = Quaternion(-0.17496175, 0.44611257, 0.20204009, 0.85413814)
bones/55/rotation = Quaternion(0.12424677, 0.24260287, 0.9484999, -0.16141468)
bones/56/rotation = Quaternion(-0.24840747, -0.08672044, 0.026678318, 0.9643971)
bones/57/rotation = Quaternion(0.4510629, -0.07972094, -0.025089867, 0.8885705)
bones/60/rotation = Quaternion(-0.12706369, 0.10619035, 0.9843352, 0.06052008)
bones/61/rotation = Quaternion(-0.20181759, -0.074231595, -0.00502649, 0.97659314)
bones/62/rotation = Quaternion(0.53328943, 0.12864216, 0.049076583, 0.8346527)

[node name="GEO-body_male_stylized" parent="player/Armature/Skeleton3D" index="0"]
cast_shadow = 3

[node name="Head" type="Node3D" parent="."]
transform = Transform3D(1, 0, 0, 0, 1, 0, 0, 0, 1, 0, 1.5, 0)

[node name="Camera3D" type="Camera3D" parent="Head"]
transform = Transform3D(-1, 0, 8.742278e-08, 0, 1, 0, -8.742278e-08, 0, -1, 0, 0, 0)

[node name="IK_Target" type="Node3D" parent="Head"]
transform = Transform3D(0.84838086, 0, -0.52938634, -0.113289885, 0.97683316, -0.18155544, 0.51712215, 0.21400228, 0.8287266, 0, 0, -0.5154965)

[node name="IK_Hands" type="Node3D" parent="Head"]
transform = Transform3D(1, 0, 0, 0, 1, 0, 0, 0, 1, 0, -0.16758466, -0.013391495)

[node name="IK_TargetL" type="Node3D" parent="Head/IK_Hands"]
transform = Transform3D(-0.066489846, 0.131302, -0.9891102, -0.9786989, 0.18439148, 0.090267584, 0.19423582, 0.974043, 0.116244994, -0.034290984, -0.21924114, -0.09448388)

[node name="IK_TargetR" type="Node3D" parent="Head/IK_Hands"]
transform = Transform3D(-0.18908174, -0.079103954, 0.97877, 0.97046894, 0.13699552, 0.19855005, -0.14979312, 0.9874082, 0.050864637, -0.08710897, -0.21924114, -0.23134312)

[node name="RayCast3D" type="RayCast3D" parent="Head"]
target_position = Vector3(0, 0, 5)

[node name="PauseMenuController" parent="." instance=ExtResource("3_xb0lg")]

[editable path="player"]
